reward per epoch,cumulative reward
22,22.0
25,47.0
25,72.0
24,96.0
30,126.0
27,153.0
26,179.0
25,204.0
24,228.0
30,258.0
29,287.0
27,314.0
29,343.0
25,368.0
27,395.0
27,422.0
27,449.0
27,476.0
28,504.0
27,531.0
26,557.0
28,585.0
25,610.0
24,634.0
26,660.0
26,686.0
27,713.0
27,740.0
25,764.0
24,788.0
27,815.0
23,838.0
27,865.0
28,893.0
26,919.0
27,946.0
28,974.0
25,999.0
28,1027.0
25,1052.0
28,1079.0
28,1106.0
26,1132.0
25,1157.0
27,1184.0
24,1208.0
25,1233.0
28,1260.0
27,1287.0
0,1287.0
1,1288.0
0,1288.0
0,1288.0
0,1288.0
0,1288.0
0,1288.0
0,1288.0
0,1288.0
1,1289.0
0,1289.0
0,1289.0
1,1290.0
0,1290.0
0,1290.0
1,1291.0
1,1292.0
0,1292.0
0,1292.0
0,1292.0
1,1293.0
0,1293.0
0,1293.0
0,1293.0
1,1294.0
0,1294.0
0,1294.0
0,1294.0
1,1295.0
0,1295.0
0,1295.0
0,1295.0
0,1295.0
0,1295.0
0,1295.0
0,1295.0
0,1295.0
0,1295.0
0,1295.0
3,1298.0
0,1298.0
1,1299.0
0,1299.0
0,1299.0
1,1300.0
0,1300.0
0,1300.0
0,1300.0
0,1300.0
1,1301.0
0,1301.0
1,1302.0
0,1302.0
1,1303.0
0,1303.0
0,1303.0
1,1304.0
3,1307.0
1,1308.0
4,1312.0
1,1313.0
0,1313.0
0,1313.0
2,1315.0
0,1315.0
0,1315.0
0,1315.0
0,1315.0
1,1316.0
0,1316.0
1,1317.0
3,1320.0
2,1322.0
1,1323.0
1,1324.0
0,1324.0
0,1324.0
0,1324.0
0,1324.0
1,1325.0
0,1325.0
1,1326.0
1,1327.0
2,1329.0
1,1330.0
1,1331.0
0,1331.0
1,1332.0
0,1332.0
0,1332.0
1,1333.0
2,1335.0
0,1335.0
1,1336.0
0,1336.0
0,1336.0
0,1336.0
0,1336.0
0,1336.0
1,1337.0
0,1337.0
0,1337.0
0,1337.0
0,1337.0
2,1339.0
0,1339.0
1,1340.0
0,1340.0
2,1342.0
0,1342.0
0,1342.0
0,1342.0
0,1342.0
0,1342.0
0,1342.0
1,1343.0
0,1343.0
2,1345.0
0,1345.0
0,1345.0
0,1345.0
0,1345.0
0,1345.0
2,1347.0
0,1347.0
0,1347.0
1,1348.0
0,1348.0
0,1348.0
2,1350.0
0,1350.0
1,1351.0
0,1351.0
0,1351.0
1,1352.0
2,1354.0
0,1354.0
0,1354.0
0,1354.0
0,1354.0
1,1355.0
0,1355.0
1,1356.0
2,1358.0
0,1358.0
1,1359.0
0,1359.0
0,1359.0
0,1359.0
0,1359.0
1,1360.0
0,1360.0
0,1360.0
1,1361.0
0,1361.0
0,1361.0
2,1363.0
0,1363.0
2,1365.0
0,1365.0
4,1369.0
0,1369.0
0,1369.0
0,1369.0
1,1370.0
1,1371.0
0,1371.0
0,1371.0
1,1372.0
0,1372.0
0,1372.0
1,1373.0
0,1373.0
0,1373.0
0,1373.0
0,1373.0
0,1373.0
1,1374.0
0,1374.0
0,1374.0
1,1375.0
0,1375.0
0,1375.0
1,1376.0
0,1376.0
1,1377.0
0,1377.0
0,1377.0
0,1377.0
0,1377.0
0,1377.0
0,1377.0
1,1378.0
0,1378.0
2,1380.0
1,1381.0
1,1382.0
0,1382.0
0,1382.0
0,1382.0
1,1383.0
0,1383.0
0,1383.0
0,1383.0
0,1383.0
0,1383.0
1,1384.0
0,1384.0
0,1384.0
2,1386.0
2,1388.0
1,1389.0
0,1389.0
2,1391.0
0,1391.0
0,1391.0
1,1392.0
1,1393.0
0,1393.0
0,1393.0
1,1394.0
0,1394.0
0,1394.0
2,1396.0
1,1397.0
3,1400.0
0,1400.0
0,1400.0
2,1402.0
1,1403.0
0,1403.0
2,1405.0
3,1408.0
1,1409.0
0,1409.0
1,1410.0
1,1411.0
0,1411.0
0,1411.0
0,1411.0
0,1411.0
