reward per epoch,cumulative reward
0,0.0
0,0.0
0,0.0
0,0.0
1,1.0
0,1.0
0,1.0
0,1.0
1,2.0
2,4.0
0,4.0
1,5.0
0,5.0
0,5.0
0,5.0
0,5.0
0,5.0
1,6.0
0,6.0
0,6.0
0,6.0
0,6.0
0,6.0
0,6.0
0,6.0
1,7.0
1,8.0
1,9.0
1,10.0
0,10.0
0,10.0
2,12.0
2,14.0
1,15.0
1,16.0
0,16.0
1,17.0
1,18.0
0,18.0
0,18.0
0,18.0
1,19.0
0,19.0
0,19.0
0,19.0
1,20.0
0,20.0
1,21.0
0,21.0
0,21.0
2,23.0
0,23.0
0,23.0
0,23.0
0,23.0
2,25.0
0,25.0
0,25.0
1,26.0
2,28.0
2,30.0
0,30.0
3,33.0
0,33.0
0,33.0
0,33.0
1,34.0
1,35.0
2,37.0
0,37.0
0,37.0
0,37.0
3,40.0
5,45.0
0,45.0
1,46.0
1,47.0
0,47.0
1,48.0
1,49.0
1,50.0
1,51.0
1,52.0
0,52.0
1,53.0
3,56.0
0,56.0
1,57.0
4,61.0
1,62.0
2,64.0
0,64.0
2,66.0
2,68.0
2,70.0
0,70.0
0,70.0
0,70.0
0,70.0
2,72.0
2,74.0
0,74.0
2,76.0
1,77.0
0,77.0
2,79.0
2,81.0
2,83.0
2,85.0
0,85.0
1,86.0
1,87.0
2,89.0
1,90.0
4,94.0
2,96.0
3,99.0
0,99.0
2,101.0
0,101.0
0,101.0
5,106.0
4,110.0
4,114.0
3,117.0
3,120.0
3,123.0
2,125.0
3,128.0
1,129.0
1,130.0
1,131.0
4,135.0
4,139.0
0,139.0
5,144.0
1,145.0
0,145.0
3,148.0
1,149.0
0,149.0
4,153.0
3,156.0
0,156.0
4,160.0
7,167.0
5,172.0
1,173.0
5,178.0
5,183.0
1,184.0
4,188.0
7,195.0
2,197.0
0,197.0
0,197.0
7,204.0
1,205.0
1,206.0
4,210.0
6,216.0
2,218.0
1,219.0
0,219.0
6,225.0
0,225.0
5,230.0
0,230.0
2,232.0
3,235.0
2,237.0
2,239.0
5,244.0
4,248.0
3,251.0
2,253.0
7,260.0
3,263.0
1,264.0
1,265.0
0,265.0
0,265.0
3,268.0
3,271.0
1,272.0
1,273.0
1,274.0
3,277.0
2,279.0
2,281.0
1,282.0
0,282.0
3,285.0
0,285.0
2,287.0
1,288.0
0,288.0
2,290.0
1,291.0
0,291.0
4,295.0
0,295.0
2,297.0
2,299.0
1,300.0
2,302.0
1,303.0
3,306.0
0,306.0
2,308.0
2,310.0
1,311.0
3,314.0
2,316.0
2,318.0
0,318.0
4,322.0
1,323.0
1,324.0
1,325.0
2,327.0
1,328.0
2,330.0
2,332.0
2,334.0
1,335.0
0,335.0
2,337.0
4,341.0
7,348.0
0,348.0
0,348.0
4,352.0
4,356.0
5,361.0
4,365.0
4,369.0
0,369.0
2,371.0
0,371.0
2,373.0
1,374.0
4,378.0
4,382.0
1,383.0
3,386.0
0,386.0
1,387.0
4,391.0
3,394.0
2,396.0
3,399.0
3,402.0
2,404.0
3,407.0
3,410.0
6,416.0
0,416.0
0,416.0
2,418.0
3,421.0
4,425.0
4,429.0
1,430.0
4,434.0
7,441.0
1,442.0
2,444.0
1,445.0
1,446.0
4,450.0
3,453.0
2,455.0
1,456.0
3,459.0
0,459.0
0,459.0
2,461.0
0,461.0
0,461.0
3,464.0
1,465.0
0,465.0
4,469.0
0,469.0
1,470.0
0,470.0
3,473.0
1,474.0
1,475.0
4,479.0
0,479.0
0,479.0
0,479.0
4,483.0
6,489.0
0,489.0
1,490.0
0,490.0
0,490.0
5,495.0
1,496.0
1,497.0
0,497.0
1,498.0
2,500.0
2,502.0
0,502.0
1,503.0
3,506.0
4,510.0
1,511.0
1,512.0
1,513.0
0,513.0
0,513.0
3,516.0
0,516.0
0,516.0
1,517.0
3,520.0
2,522.0
2,524.0
3,527.0
0,527.0
0,527.0
1,528.0
5,533.0
2,535.0
0,535.0
0,535.0
2,537.0
2,539.0
2,541.0
1,542.0
0,542.0
0,542.0
1,543.0
0,543.0
0,543.0
0,543.0
5,548.0
2,550.0
0,550.0
0,550.0
0,550.0
0,550.0
1,551.0
1,551.0
1,552.0
0,552.0
1,553.0
2,555.0
1,556.0
2,558.0
5,563.0
0,563.0
0,563.0
0,563.0
0,563.0
3,566.0
1,567.0
0,567.0
1,568.0
0,568.0
1,569.0
2,571.0
1,572.0
0,572.0
1,573.0
0,573.0
2,575.0
3,578.0
1,579.0
0,579.0
1,580.0
0,580.0
3,583.0
1,584.0
0,584.0
0,584.0
1,585.0
4,589.0
0,589.0
3,592.0
2,594.0
1,595.0
2,597.0
2,599.0
2,601.0
4,605.0
0,605.0
4,609.0
0,609.0
6,615.0
3,618.0
0,618.0
3,621.0
2,623.0
0,623.0
3,626.0
0,626.0
0,626.0
1,627.0
1,628.0
1,629.0
3,632.0
7,639.0
3,642.0
0,642.0
1,643.0
2,645.0
5,650.0
0,650.0
0,650.0
1,651.0
0,651.0
2,653.0
2,655.0
0,655.0
6,661.0
2,663.0
1,664.0
1,665.0
0,665.0
0,665.0
2,667.0
6,673.0
0,673.0
0,673.0
1,674.0
2,676.0
1,677.0
2,679.0
2,681.0
0,681.0
0,681.0
0,681.0
0,681.0
0,681.0
2,683.0
0,683.0
0,683.0
0,683.0
2,685.0
0,685.0
0,685.0
0,685.0
0,685.0
0,685.0
0,685.0
0,685.0
0,685.0
0,685.0
0,685.0
0,685.0
0,685.0
2,687.0
2,689.0
0,689.0
3,691.0
1,692.0
2,694.0
4,698.0
3,701.0
1,702.0
2,704.0
2,706.0
1,707.0
1,708.0
0,708.0
3,711.0
0,711.0
3,714.0
0,714.0
0,714.0
0,714.0
0,714.0
0,714.0
2,716.0
0,716.0
3,719.0
3,722.0
0,722.0
0,722.0
0,722.0
1,723.0
0,723.0
1,724.0
0,724.0
0,724.0
2,726.0
0,726.0
2,728.0
1,729.0
0,729.0
2,731.0
1,732.0
0,732.0
3,735.0
1,736.0
0,736.0
0,736.0
0,736.0
1,737.0
0,737.0
0,737.0
2,739.0
1,740.0
3,743.0
0,743.0
1,744.0
0,744.0
0,744.0
2,746.0
1,747.0
0,747.0
1,748.0
0,748.0
0,748.0
0,748.0
0,748.0
0,748.0
0,748.0
4,752.0
0,752.0
0,752.0
0,752.0
3,755.0
0,755.0
1,756.0
0,756.0
0,756.0
0,756.0
1,757.0
6,763.0
0,763.0
0,763.0
1,764.0
1,765.0
0,765.0
0,765.0
0,765.0
0,765.0
2,767.0
1,768.0
1,769.0
0,769.0
1,770.0
2,772.0
5,777.0
0,777.0
3,780.0
0,780.0
0,780.0
0,780.0
0,780.0
1,781.0
0,781.0
0,781.0
1,782.0
0,782.0
0,782.0
1,783.0
2,785.0
0,785.0
3,788.0
1,789.0
0,789.0
1,790.0
5,795.0
0,795.0
1,796.0
0,796.0
2,798.0
2,800.0
0,800.0
0,800.0
0,800.0
3,803.0
0,803.0
0,803.0
8,811.0
3,814.0
0,814.0
3,817.0
1,818.0
0,818.0
2,820.0
1,821.0
0,821.0
1,822.0
0,822.0
3,825.0
0,825.0
1,826.0
0,826.0
4,830.0
0,830.0
1,831.0
1,832.0
0,832.0
0,832.0
3,835.0
0,835.0
0,835.0
0,835.0
1,836.0
1,837.0
0,837.0
1,838.0
4,842.0
0,842.0
1,843.0
1,844.0
1,845.0
1,846.0
1,847.0
3,850.0
0,850.0
1,851.0
0,851.0
1,852.0
0,852.0
1,853.0
0,853.0
1,854.0
0,854.0
3,857.0
1,858.0
1,859.0
2,861.0
0,861.0
1,862.0
1,863.0
0,863.0
1,864.0
1,865.0
1,866.0
3,869.0
2,871.0
2,873.0
2,875.0
0,875.0
0,875.0
4,879.0
0,879.0
2,881.0
1,882.0
0,882.0
3,885.0
0,885.0
0,885.0
1,886.0
0,886.0
0,886.0
0,886.0
0,886.0
2,888.0
0,888.0
1,889.0
0,889.0
1,890.0
0,890.0
1,891.0
0,891.0
3,894.0
1,895.0
0,895.0
1,896.0
1,897.0
3,900.0
0,900.0
3,903.0
1,904.0
1,905.0
0,905.0
1,906.0
0,906.0
0,906.0
0,906.0
0,906.0
0,906.0
0,906.0
2,908.0
1,909.0
3,912.0
0,912.0
1,913.0
2,915.0
2,917.0
0,917.0
1,918.0
0,918.0
0,918.0
0,918.0
0,918.0
0,918.0
1,919.0
0,919.0
1,920.0
0,920.0
1,921.0
0,921.0
0,921.0
1,922.0
1,923.0
3,926.0
0,926.0
1,927.0
0,927.0
0,927.0
0,927.0
0,927.0
3,930.0
0,930.0
2,932.0
1,933.0
1,934.0
1,935.0
0,935.0
0,935.0
1,936.0
2,938.0
0,938.0
1,939.0
3,942.0
0,942.0
1,943.0
0,943.0
0,943.0
2,945.0
1,946.0
2,948.0
2,950.0
1,951.0
4,955.0
1,956.0
0,956.0
4,960.0
2,962.0
1,963.0
3,966.0
0,966.0
1,967.0
4,971.0
2,973.0
0,973.0
1,974.0
0,974.0
1,975.0
0,975.0
0,975.0
0,975.0
0,975.0
4,979.0
3,982.0
1,983.0
0,983.0
2,985.0
0,985.0
0,985.0
1,986.0
1,987.0
4,991.0
3,994.0
1,995.0
0,995.0
1,996.0
1,997.0
0,997.0
2,999.0
0,999.0
1,1000.0
0,1000.0
1,1001.0
2,1003.0
0,1003.0
0,1003.0
0,1003.0
0,1003.0
0,1003.0
0,1003.0
0,1003.0
1,1004.0
0,1004.0
0,1004.0
1,1005.0
1,1006.0
0,1006.0
0,1006.0
0,1006.0
0,1006.0
0,1006.0
1,1007.0
2,1009.0
0,1009.0
0,1009.0
0,1009.0
0,1009.0
0,1009.0
1,1010.0
2,1012.0
1,1013.0
2,1015.0
0,1015.0
2,1017.0
0,1017.0
0,1017.0
0,1017.0
0,1017.0
0,1017.0
0,1017.0
1,1018.0
1,1019.0
0,1019.0
0,1019.0
1,1020.0
0,1020.0
1,1021.0
2,1023.0
1,1024.0
3,1027.0
0,1027.0
1,1028.0
0,1028.0
2,1030.0
0,1030.0
1,1031.0
1,1032.0
1,1033.0
0,1033.0
0,1033.0
2,1035.0
0,1035.0
0,1035.0
0,1035.0
0,1035.0
0,1035.0
0,1035.0
0,1035.0
1,1036.0
2,1038.0
0,1038.0
0,1038.0
1,1039.0
4,1043.0
0,1043.0
1,1044.0
0,1044.0
0,1044.0
2,1046.0
2,1048.0
3,1051.0
1,1052.0
0,1052.0
3,1055.0
0,1055.0
0,1055.0
3,1058.0
1,1059.0
0,1059.0
1,1060.0
0,1060.0
1,1061.0
0,1061.0
1,1062.0
2,1064.0
0,1064.0
3,1067.0
1,1068.0
0,1068.0
1,1069.0
1,1070.0
2,1072.0
1,1073.0
1,1074.0
0,1074.0
0,1074.0
1,1075.0
1,1076.0
1,1077.0
0,1077.0
0,1077.0
0,1077.0
1,1078.0
0,1078.0
0,1078.0
3,1081.0
2,1083.0
0,1083.0
0,1083.0
3,1086.0
0,1086.0
0,1086.0
0,1086.0
0,1086.0
1,1087.0
0,1087.0
2,1089.0
1,1090.0
0,1090.0
1,1091.0
0,1091.0
1,1092.0
0,1092.0
2,1094.0
0,1094.0
2,1096.0
0,1096.0
0,1096.0
3,1099.0
0,1099.0
0,1099.0
0,1099.0
0,1099.0
0,1099.0
1,1100.0
1,1101.0
1,1102.0
0,1102.0
0,1102.0
1,1103.0
4,1107.0
0,1107.0
0,1107.0
1,1108.0
2,1110.0
0,1110.0
1,1111.0
1,1112.0
0,1112.0
0,1112.0
0,1112.0
6,1118.0
1,1119.0
1,1120.0
0,1120.0
0,1120.0
0,1120.0
2,1122.0
2,1124.0
0,1124.0
0,1124.0
3,1127.0
1,1128.0
1,1129.0
2,1131.0
2,1133.0
1,1134.0
3,1137.0
1,1138.0
1,1139.0
1,1140.0
0,1140.0
0,1140.0
0,1140.0
0,1140.0
3,1143.0
0,1143.0
2,1145.0
0,1145.0
0,1145.0
2,1147.0
0,1147.0
0,1147.0
1,1148.0
0,1148.0
1,1149.0
2,1151.0
1,1152.0
1,1153.0
1,1154.0
3,1157.0
0,1157.0
1,1158.0
0,1158.0
2,1160.0
0,1160.0
2,1162.0
0,1162.0
0,1162.0
0,1162.0
1,1163.0
0,1163.0
1,1164.0
1,1165.0
1,1166.0
0,1166.0
0,1166.0
0,1166.0
1,1167.0
1,1168.0
4,1172.0
3,1175.0
