reward per epoch,cumulative reward,pseudo reward per epoch
27,27.0,-162.69679999999974
28,55.0,-162.43529999999967
30,85.0,-109.20190000000007
26,111.0,-189.07559999999967
29,140.0,-118.4676000000002
28,168.0,-149.75030000000055
32,200.0,-64.17959999999987
27,227.0,-155.36010000000002
27,254.0,-189.34849999999992
29,283.0,-146.27880000000042
30,313.0,-126.94990000000007
28,341.0,-154.39479999999975
31,372.0,-94.44590000000018
27,399.0,-188.67999999999964
26,425.0,-210.31100000000004
27,452.0,-187.72879999999986
30,482.0,-110.65810000000018
26,508.0,-188.72999999999985
28,536.0,-163.3582999999995
28,564.0,-161.53189999999879
27,591.0,-182.0989000000001
26,617.0,-206.16090000000003
26,643.0,-218.73710000000003
28,671.0,-138.3787000000001
26,697.0,-213.10689999999988
26,723.0,-201.62650000000014
29,752.0,-127.18970000000024
30,782.0,-107.5316
28,810.0,-138.17909999999995
28,838.0,-147.68329999999935
26,864.0,-191.79170000000067
28,892.0,-142.4962000000001
29,921.0,-140.29409999999987
29,950.0,-126.6041000000002
28,978.0,-158.46460000000047
27,1005.0,-179.04569999999921
31,1036.0,-77.78800000000061
30,1066.0,-124.98759999999994
29,1095.0,-125.85220000000024
29,1124.0,-139.1342000000005
28,1152.0,-155.43720000000056
28,1180.0,-146.21610000000018
28,1208.0,-153.7962000000005
30,1238.0,-111.78410000000046
26,1264.0,-200.74250000000035
28,1292.0,-162.7773999999996
26,1318.0,-177.64850000000015
27,1345.0,-175.9851000000001
30,1375.0,-122.47250000000004
26,1401.0,-203.42579999999978
27,1428.0,-163.38769999999937
29,1457.0,-137.79180000000028
29,1486.0,-122.88240000000017
25,1511.0,-212.0110999999992
27,1538.0,-170.49879999999996
29,1567.0,-124.53080000000001
29,1596.0,-144.69120000000012
27,1623.0,-171.7756999999994
29,1652.0,-132.27259999999987
27,1679.0,-185.2355000000002
27,1706.0,-186.42859999999996
26,1732.0,-204.67899999999943
26,1758.0,-196.5798000000005
28,1786.0,-155.15459999999948
27,1813.0,-158.84310000000002
28,1841.0,-172.85429999999957
28,1869.0,-160.7102999999996
28,1897.0,-163.34130000000036
29,1926.0,-151.94640000000024
29,1955.0,-124.59190000000041
28,1983.0,-166.15539999999964
24,2007.0,-239.42609999999905
30,2037.0,-119.70139999999999
28,2065.0,-164.9084000000001
25,2090.0,-220.06829999999994
27,2117.0,-176.4896
29,2146.0,-127.70009999999994
29,2175.0,-134.70410000000032
28,2203.0,-143.4877
32,2235.0,-76.9805000000003
27,2262.0,-172.4353999999989
29,2291.0,-139.3572000000002
32,2323.0,-74.26539999999997
30,2353.0,-121.31490000000016
29,2382.0,-125.14319999999995
31,2413.0,-95.06290000000035
28,2441.0,-140.75500000000036
27,2468.0,-178.17469999999992
28,2496.0,-150.73459999999966
29,2525.0,-138.8545000000005
30,2555.0,-114.16109999999996
28,2583.0,-137.20250000000007
33,2616.0,-48.191600000000044
26,2642.0,-215.5072000000001
28,2670.0,-149.5304999999997
28,2698.0,-171.91989999999993
29,2727.0,-123.85060000000009
31,2758.0,-94.96830000000028
27,2785.0,-171.6171
0,2785.0,-547.2589000000036
0,2785.0,-480.44139999999993
0,2785.0,-611.1219999999979
0,2785.0,-553.378300000003
0,2785.0,-722.0757999999914
0,2785.0,-250.1618999999992
0,2785.0,-484.0442999999989
0,2785.0,-430.51479999999776
1,2786.0,-375.0024999999985
0,2786.0,-523.0849999999975
0,2786.0,-682.8666000000019
0,2786.0,-490.93230000000125
0,2786.0,-756.6050999999973
0,2786.0,-707.3853999999951
0,2786.0,-606.5116999999979
0,2786.0,-304.4942000000008
0,2786.0,-561.0916000000014
1,2787.0,-539.815900000005
0,2787.0,-533.1378000000027
0,2787.0,-352.6286999999985
0,2787.0,-711.805399999997
0,2787.0,-545.6795000000028
0,2787.0,-337.988400000001
0,2787.0,-556.399700000001
0,2787.0,-435.3506
0,2787.0,-554.5519999999998
0,2787.0,-652.2517999999942
0,2787.0,-530.6460000000045
0,2787.0,-733.4317
0,2787.0,-444.12980000000437
0,2787.0,-292.88640000000066
0,2787.0,-725.8376999999986
0,2787.0,-336.4004999999969
0,2787.0,-255.51709999999989
0,2787.0,-543.6336000000025
0,2787.0,-596.8318000000014
0,2787.0,-414.6174000000026
0,2787.0,-698.6081000000011
0,2787.0,-457.13480000000345
0,2787.0,-473.51629999999864
0,2787.0,-514.1646999999963
0,2787.0,-514.4116000000013
0,2787.0,-524.7128999999968
0,2787.0,-543.2678999999982
0,2787.0,-567.7813999999998
0,2787.0,-504.86730000000097
0,2787.0,-399.0582000000014
0,2787.0,-590.0539999999978
0,2787.0,-779.6044000000068
0,2787.0,-541.0244999999979
0,2787.0,-539.1802999999989
0,2787.0,-582.6749000000008
0,2787.0,-732.2965999999974
0,2787.0,-533.7458999999978
0,2787.0,-602.0382000000008
0,2787.0,-279.0308000000012
0,2787.0,-292.0138999999998
0,2787.0,-425.2638000000005
0,2787.0,-526.1191000000026
0,2787.0,-566.8501000000049
0,2787.0,-279.17860000000184
0,2787.0,-490.8874000000009
0,2787.0,-500.22560000000044
0,2787.0,-669.0704999999954
0,2787.0,-411.47550000000155
0,2787.0,-378.14500000000044
0,2787.0,-468.66299999999745
0,2787.0,-454.27069999999725
0,2787.0,-541.318799999998
1,2788.0,-385.40970000000317
0,2788.0,-277.36030000000096
0,2788.0,-646.7514
1,2789.0,-428.8058000000015
0,2789.0,-437.9659000000001
0,2789.0,-307.62339999999926
0,2789.0,-524.338199999998
0,2789.0,-556.9226000000008
0,2789.0,-533.7867000000049
0,2789.0,-527.0690999999982
0,2789.0,-489.44719999999705
0,2789.0,-280.37509999999884
0,2789.0,-473.415999999999
0,2789.0,-489.1051000000001
0,2789.0,-572.2423000000003
0,2789.0,-462.03120000000206
0,2789.0,-643.4577999999995
0,2789.0,-592.8589000000029
0,2789.0,-728.8047000000012
0,2789.0,-391.47020000000043
0,2789.0,-621.2510000000063
0,2789.0,-390.58239999999915
0,2789.0,-547.1452999999987
0,2789.0,-407.0616999999969
1,2790.0,-513.6522000000009
0,2790.0,-569.0345999999978
0,2790.0,-330.95149999999904
0,2790.0,-580.1776000000009
0,2790.0,-449.44879999999864
0,2790.0,-336.19580000000053
0,2790.0,-452.0667000000015
0,2790.0,-880.0443999999937
0,2790.0,-573.7414000000023
0,2790.0,-527.6866999999985
0,2790.0,-458.50670000000065
0,2790.0,-432.2496000000003
0,2790.0,-666.9903000000029
0,2790.0,-403.60519999999735
0,2790.0,-477.91290000000475
0,2790.0,-583.2343000000006
1,2791.0,-326.3444999999997
0,2791.0,-496.4889000000014
1,2792.0,-369.3194000000008
0,2792.0,-749.3984000000065
0,2792.0,-515.6398999999974
0,2792.0,-436.6578000000007
0,2792.0,-369.6528000000015
0,2792.0,-496.6424000000006
0,2792.0,-514.5027999999986
0,2792.0,-918.0424000000095
0,2792.0,-439.9026999999969
0,2792.0,-343.49619999999817
0,2792.0,-457.2439000000027
0,2792.0,-396.4398000000005
0,2792.0,-416.45490000000115
0,2792.0,-423.74110000000024
0,2792.0,-582.1001000000024
0,2792.0,-529.9815000000006
1,2793.0,-378.5960000000006
1,2794.0,-458.5622000000006
0,2794.0,-560.3171999999995
0,2794.0,-308.3202000000001
0,2794.0,-373.5098999999948
2,2796.0,-455.05080000000265
0,2796.0,-637.0676000000027
0,2796.0,-406.8573000000028
0,2796.0,-390.6693999999972
0,2796.0,-426.1810000000011
0,2796.0,-517.0468000000042
0,2796.0,-847.7914999999978
0,2796.0,-767.5801999999981
0,2796.0,-739.2747000000059
0,2796.0,-465.9786999999992
0,2796.0,-593.5145999999967
1,2797.0,-332.2420999999972
0,2797.0,-405.76330000000075
0,2797.0,-769.0434000000005
0,2797.0,-635.3567999999983
0,2797.0,-327.2992000000023
0,2797.0,-437.27930000000276
0,2797.0,-513.1436999999954
0,2797.0,-666.1440999999994
0,2797.0,-556.5983000000023
